./pre_img\170010116007\1700101160071.png 417 324 1007 1015
./pre_img\170010116007\17001011600710.png 84 85 292 371
./pre_img\170010116007\17001011600711.png 2086 2201 2100 2220
./pre_img\170010116007\17001011600712.png 225 1524 707 2032
./pre_img\170010116007\17001011600713.png 598 1617 979 2125
./pre_img\170010116007\17001011600714.png 432 153 635 443
./pre_img\170010116007\17001011600715.png 806 298 966 505
./pre_img\170010116007\17001011600716.png 370 94 516 293
./pre_img\170010116007\17001011600717.png 386 194 561 449
./pre_img\170010116007\17001011600718.png 698 1450 1963 3115
./pre_img\170010116007\17001011600719.png 244 261 539 641
./pre_img\170010116007\1700101160072.png 381 324 566 570
./pre_img\170010116007\17001011600720.png 430 270 830 803
./pre_img\170010116007\17001011600721.png 251 185 445 447
./pre_img\170010116007\17001011600722.png 141 45 555 562
./pre_img\170010116007\17001011600723.png 309 251 558 598
./pre_img\170010116007\17001011600724.png 249 107 540 473
./pre_img\170010116007\17001011600725.png 283 470 348 555
./pre_img\170010116007\17001011600726.png 359 76 593 380
./pre_img\170010116007\17001011600727.png 248 508 301 588
./pre_img\170010116007\17001011600728.png 479 134 869 608
./pre_img\170010116007\17001011600729.png 296 333 625 688
./pre_img\170010116007\1700101160073.png 1478 750 2311 1569
./pre_img\170010116007\17001011600730.png 605 87 988 601
./pre_img\170010116007\17001011600731.png 333 109 602 466
./pre_img\170010116007\17001011600732.png 210 138 367 358
./pre_img\170010116007\17001011600733.png 311 175 660 635
./pre_img\170010116007\17001011600734.png 287 836 304 857
./pre_img\170010116007\17001011600735.png 260 52 501 383
./pre_img\170010116007\17001011600736.png 351 1326 381 1364
./pre_img\170010116007\17001011600737.png 356 808 562 1096
./pre_img\170010116007\17001011600738.png 393 389 820 932
./pre_img\170010116007\17001011600739.png 290 624 604 1070
./pre_img\170010116007\1700101160074.png
./pre_img\170010116007\17001011600740.png 320 569 732 1065
./pre_img\170010116007\17001011600741.png 402 259 615 532
./pre_img\170010116007\17001011600742.png 411 199 603 435
./pre_img\170010116007\17001011600743.png 496 249 922 841
./pre_img\170010116007\17001011600744.png 441 238 585 425
./pre_img\170010116007\17001011600745.png 594 244 805 522
./pre_img\170010116007\17001011600746.png 642 294 833 506
./pre_img\170010116007\1700101160075.png 868 461 1017 647
./pre_img\170010116007\1700101160076.png
./pre_img\170010116007\1700101160077.png
./pre_img\170010116007\1700101160078.png 2613 548 3593 1841
./pre_img\170010116007\1700101160079.png 734 156 1458 1172
./pre_img\170010116021\1700101160211.png 236 446 401 658
./pre_img\170010116021\17001011602110.png 170 209 516 664
./pre_img\170010116021\17001011602111.png 515 292 589 392
./pre_img\170010116021\17001011602112.png 403 74 956 775
./pre_img\170010116021\17001011602113.png 232 148 288 226
./pre_img\170010116021\17001011602114.png 232 114 727 696
./pre_img\170010116021\17001011602115.png 255 30 677 602
./pre_img\170010116021\17001011602116.png 311 164 399 284
./pre_img\170010116021\17001011602117.png 118 176 176 246
./pre_img\170010116021\17001011602118.png 414 866 464 930
./pre_img\170010116021\17001011602119.png 635 409 754 554
./pre_img\170010116021\1700101160212.png 230 437 397 663
./pre_img\170010116021\17001011602120.png 161 229 550 723
./pre_img\170010116021\17001011602121.png 501 149 1089 906
./pre_img\170010116021\17001011602122.png 316 455 618 748
./pre_img\170010116021\17001011602123.png 566 40 714 242
./pre_img\170010116021\17001011602124.png 548 446 676 601
./pre_img\170010116021\17001011602125.png 133 317 530 820
./pre_img\170010116021\17001011602126.png 263 143 709 697
./pre_img\170010116021\17001011602127.png 563 52 1205 832
./pre_img\170010116021\17001011602128.png 49 157 123 260
./pre_img\170010116021\17001011602129.png 479 268 539 350
./pre_img\170010116021\1700101160213.png 88 62 223 242
./pre_img\170010116021\17001011602130.png 455 77 544 203
./pre_img\170010116021\17001011602131.png 369 86 631 427
./pre_img\170010116021\17001011602132.png 400 317 526 481
./pre_img\170010116021\17001011602133.png 384 143 451 235
./pre_img\170010116021\17001011602134.png 368 288 440 381
./pre_img\170010116021\17001011602135.png 228 165 325 292
./pre_img\170010116021\17001011602136.png 72 124 406 524
./pre_img\170010116021\17001011602137.png 387 173 732 659
./pre_img\170010116021\17001011602138.png 157 238 331 449
./pre_img\170010116021\17001011602139.png 300 497 628 922
./pre_img\170010116021\1700101160214.png 484 248 632 435
./pre_img\170010116021\17001011602140.png 372 197 491 363
./pre_img\170010116021\17001011602141.png 365 92 741 624
./pre_img\170010116021\17001011602142.png 308 285 384 390
./pre_img\170010116021\17001011602143.png 110 18 169 97
./pre_img\170010116021\17001011602144.png 420 321 620 583
./pre_img\170010116021\17001011602145.png 280 335 861 1033
./pre_img\170010116021\17001011602146.png 321 33 424 189
./pre_img\170010116021\17001011602147.png 475 362 495 390
./pre_img\170010116021\17001011602148.png 231 906 261 943
./pre_img\170010116021\17001011602149.png 287 116 506 438
./pre_img\170010116021\1700101160215.png 106 86 234 249
./pre_img\170010116021\17001011602150.png 90 514 120 550
./pre_img\170010116021\17001011602151.png 528 409 745 703
./pre_img\170010116021\17001011602152.png 246 325 571 765
./pre_img\170010116021\17001011602153.png 66 348 401 787
./pre_img\170010116021\17001011602154.png 146 217 538 720
./pre_img\170010116021\17001011602155.png 231 447 394 660
./pre_img\170010116021\1700101160216.png 64 445 395 881
./pre_img\170010116021\1700101160217.png 387 98 459 198
./pre_img\170010116021\1700101160218.png 257 245 601 683
./pre_img\170010116021\1700101160219.png 565 192 778 477
./pre_img\170010116026\261.png 1040 576 1786 1326
./pre_img\170010116026\262.png 834 520 1592 1366
./pre_img\170010116026\263.png 707 488 1640 1419
./pre_img\170010116026\264.png 920 563 1726 1433
./pre_img\170010116026\265.png
./pre_img\170010116026\266.png 952 606 1796 1503
./pre_img\170010116026\267.png 1922 1072 2306 1527
./pre_img\170010116026\268.png 559 600 1438 1421
./pre_img\170010116026\269.png 672 527 1669 1416
./pre_img\170010116026\frame0.png 660 167 1045 675
./pre_img\170010116026\frame1.png 668 170 1039 676
./pre_img\170010116026\frame10.png 677 156 1040 652
./pre_img\170010116026\frame100.png 645 230 1074 831
./pre_img\170010116026\frame11.png 673 142 1032 640
./pre_img\170010116026\frame12.png 680 147 1059 671
./pre_img\170010116026\frame13.png 685 151 1059 669
./pre_img\170010116026\frame14.png 683 153 1058 670
./pre_img\170010116026\frame15.png 681 150 1057 674
./pre_img\170010116026\frame16.png 678 150 1060 677
./pre_img\170010116026\frame17.png 678 151 1057 679
./pre_img\170010116026\frame18.png 681 158 1056 680
./pre_img\170010116026\frame19.png 685 165 1060 681
./pre_img\170010116026\frame2.png 671 162 1054 673
./pre_img\170010116026\frame20.png 688 166 1066 685
./pre_img\170010116026\frame21.png 702 183 1077 687
./pre_img\170010116026\frame22.png 699 167 1077 687
./pre_img\170010116026\frame23.png 701 161 1086 687
./pre_img\170010116026\frame24.png 710 175 1081 688
./pre_img\170010116026\frame25.png 718 173 1093 680
./pre_img\170010116026\frame26.png 713 168 1095 679
./pre_img\170010116026\frame27.png 720 166 1104 680
./pre_img\170010116026\frame28.png 730 166 1110 676
./pre_img\170010116026\frame29.png 743 170 1130 678
./pre_img\170010116026\frame3.png 672 162 1045 671
./pre_img\170010116026\frame30.png 746 168 1129 685
./pre_img\170010116026\frame31.png 754 170 1145 691
./pre_img\170010116026\frame32.png 747 157 1143 695
./pre_img\170010116026\frame33.png 752 164 1148 696
./pre_img\170010116026\frame34.png 752 163 1151 701
./pre_img\170010116026\frame35.png 754 166 1152 685
./pre_img\170010116026\frame36.png 743 175 1137 687
./pre_img\170010116026\frame37.png 737 176 1117 693
./pre_img\170010116026\frame38.png 727 168 1112 705
./pre_img\170010116026\frame39.png 722 162 1108 699
./pre_img\170010116026\frame4.png 670 160 1047 676
./pre_img\170010116026\frame40.png 732 165 1124 693
./pre_img\170010116026\frame41.png 711 151 1112 692
./pre_img\170010116026\frame42.png 712 148 1116 680
./pre_img\170010116026\frame43.png 704 142 1103 687
./pre_img\170010116026\frame44.png 692 144 1093 688
./pre_img\170010116026\frame45.png 687 141 1086 695
./pre_img\170010116026\frame46.png 681 141 1081 698
./pre_img\170010116026\frame47.png 680 167 1070 705
./pre_img\170010116026\frame48.png 680 179 1076 705
./pre_img\170010116026\frame49.png 666 169 1059 724
./pre_img\170010116026\frame5.png 671 159 1046 675
./pre_img\170010116026\frame50.png 658 175 1061 725
./pre_img\170010116026\frame51.png 674 182 1067 720
./pre_img\170010116026\frame52.png 678 180 1072 719
./pre_img\170010116026\frame53.png 680 181 1079 733
./pre_img\170010116026\frame54.png 677 189 1069 724
./pre_img\170010116026\frame55.png 685 176 1079 721
./pre_img\170010116026\frame56.png 680 209 1073 749
./pre_img\170010116026\frame57.png 672 191 1072 752
./pre_img\170010116026\frame58.png 670 216 1065 752
./pre_img\170010116026\frame59.png 658 209 1058 754
./pre_img\170010116026\frame6.png 671 156 1047 673
./pre_img\170010116026\frame60.png 651 207 1051 753
./pre_img\170010116026\frame61.png 649 194 1053 760
./pre_img\170010116026\frame62.png 652 200 1052 761
./pre_img\170010116026\frame63.png 648 198 1053 767
./pre_img\170010116026\frame64.png 644 227 1039 765
./pre_img\170010116026\frame65.png 644 204 1044 767
./pre_img\170010116026\frame66.png 646 204 1048 770
./pre_img\170010116026\frame67.png 635 184 1062 773
./pre_img\170010116026\frame68.png 651 222 1043 777
./pre_img\170010116026\frame69.png 640 213 1047 787
./pre_img\170010116026\frame7.png 671 150 1052 673
./pre_img\170010116026\frame70.png 632 209 1048 786
./pre_img\170010116026\frame71.png 656 246 1050 780
./pre_img\170010116026\frame72.png 656 245 1050 783
./pre_img\170010116026\frame73.png 655 249 1050 784
./pre_img\170010116026\frame74.png 655 250 1049 784
./pre_img\170010116026\frame75.png 654 249 1049 786
./pre_img\170010116026\frame76.png 654 245 1049 784
./pre_img\170010116026\frame77.png 653 246 1047 783
./pre_img\170010116026\frame78.png 642 212 1060 791
./pre_img\170010116026\frame79.png 649 221 1053 785
./pre_img\170010116026\frame8.png 673 150 1050 674
./pre_img\170010116026\frame80.png 650 226 1044 788
./pre_img\170010116026\frame81.png 617 196 1043 786
./pre_img\170010116026\frame82.png 612 197 1039 793
./pre_img\170010116026\frame83.png 611 203 1037 790
./pre_img\170010116026\frame84.png 613 206 1040 792
./pre_img\170010116026\frame85.png 623 213 1015 763
./pre_img\170010116026\frame86.png 625 207 1031 785
./pre_img\170010116026\frame87.png 621 217 1038 793
./pre_img\170010116026\frame88.png 645 222 1042 782
./pre_img\170010116026\frame89.png 647 220 1045 784
./pre_img\170010116026\frame9.png 672 156 1040 665
./pre_img\170010116026\frame90.png 639 230 1030 781
./pre_img\170010116026\frame91.png 587 201 1030 816
./pre_img\170010116026\frame92.png 605 213 1028 811
./pre_img\170010116026\frame93.png 619 234 1041 814
./pre_img\170010116026\frame94.png 622 213 1052 813
./pre_img\170010116026\frame95.png 634 224 1044 815
./pre_img\170010116026\frame96.png 641 225 1054 812
./pre_img\170010116026\frame97.png 645 223 1062 819
./pre_img\170010116026\frame98.png 655 231 1073 818
./pre_img\170010116026\frame99.png 657 234 1077 832
./pre_img\170010116026\IMG20190221183125.png 475 867 2481 3594
./pre_img\170010116026\IMG20190221183126.png 385 771 2578 3608
./pre_img\170010116026\IMG20190221183126_1.png 415 776 2586 3641
./pre_img\170010116026\IMG20190221183126_2.png 412 866 2586 3679
./pre_img\170010116026\IMG20190221183126_3.png 384 846 2547 3676
./pre_img\170010116026\IMG20190221183126_4.png 383 868 2531 3671
./pre_img\170010116026\IMG20190221183126_5.png 369 843 2495 3698
./pre_img\170010116026\IMG20190221183126_6.png 432 974 2466 3708
./pre_img\170010116026\IMG20190221183126_7.png 423 908 2521 3761
./pre_img\170010116026\IMG20190221183126_8.png 378 901 2531 3769
./pre_img\170010116026\IMG20190221183127.png 371 919 2517 3794
./pre_img\170010116026\IMG20190221183127_1.png 364 926 2510 3775
./pre_img\170010116026\IMG20190221183127_2.png 378 1043 2392 3749
./pre_img\170010116026\IMG20190221183127_3.png 331 890 2478 3755
./pre_img\170010116026\IMG20190221183127_4.png 308 875 2445 3726
./pre_img\170010116026\IMG20190221183127_5.png 340 871 2469 3733
./pre_img\170010116026\IMG20190221183127_6.png 368 897 2469 3757
./pre_img\170010116026\IMG20190221183127_7.png 351 890 2494 3771
./pre_img\170010116026\IMG20190221183127_8.png 372 915 2485 3782
./pre_img\170010116026\IMG20190221183127_9.png 373 903 2503 3779
./pre_img\170010116046\1700101160461.png 365 445 876 1071
./pre_img\170010116046\17001011604610.png 1099 341 2040 1369
./pre_img\170010116046\17001011604611.png 798 546 1596 1391
./pre_img\170010116046\17001011604612.png 265 334 624 787
./pre_img\170010116046\17001011604613.png 390 259 757 714
./pre_img\170010116046\17001011604614.png 2411 780 2627 1082
./pre_img\170010116046\17001011604615.png 1028 481 1632 1244
./pre_img\170010116046\17001011604616.png 862 407 1252 914
./pre_img\170010116046\17001011604617.png 596 376 1090 979
./pre_img\170010116046\17001011604618.png 2822 1480 3635 2389
./pre_img\170010116046\17001011604619.png 3269 842 3690 1329
./pre_img\170010116046\1700101160462.png 244 279 528 610
./pre_img\170010116046\17001011604620.png 343 300 692 699
./pre_img\170010116046\17001011604621.png 2321 927 3114 1862
./pre_img\170010116046\17001011604622.png 2058 679 3077 1940
./pre_img\170010116046\17001011604623.png 2616 782 3261 1553
./pre_img\170010116046\17001011604624.png 856 734 880 761
./pre_img\170010116046\17001011604625.png 3626 947 4186 1649
./pre_img\170010116046\17001011604626.png 994 628 1346 1066
./pre_img\170010116046\17001011604627.png 1015 560 1392 1044
./pre_img\170010116046\17001011604628.png 1158 669 1185 703
./pre_img\170010116046\17001011604629.png 922 727 1310 1221
./pre_img\170010116046\1700101160463.png
./pre_img\170010116046\17001011604630.png 1307 740 1818 1363
./pre_img\170010116046\17001011604631.png 218 709 1068 1924
./pre_img\170010116046\17001011604632.png 334 580 1302 1878
./pre_img\170010116046\17001011604633.png 791 1056 1201 1614
./pre_img\170010116046\17001011604634.png 485 1239 2587 3941
./pre_img\170010116046\17001011604635.png 382 1030 2644 3978
./pre_img\170010116046\17001011604636.png 415 1027 2655 3925
./pre_img\170010116046\17001011604637.png 393 1040 2540 3832
./pre_img\170010116046\17001011604638.png 335 957 2575 3856
./pre_img\170010116046\17001011604639.png 436 1123 2602 3898
./pre_img\170010116046\1700101160464.png
./pre_img\170010116046\17001011604640.png 378 1036 2630 3907
./pre_img\170010116046\17001011604641.png 322 985 2614 3941
./pre_img\170010116046\17001011604642.png 321 956 2637 3945
./pre_img\170010116046\17001011604643.png 308 1044 2593 3940
./pre_img\170010116046\17001011604644.png 412 1090 2611 3929
./pre_img\170010116046\17001011604645.png 455 1174 2582 3908
./pre_img\170010116046\17001011604646.png 384 1065 2612 3929
./pre_img\170010116046\17001011604647.png 389 1041 2653 3953
./pre_img\170010116046\17001011604648.png 298 1037 2550 3902
./pre_img\170010116046\17001011604649.png 388 1065 2644 3952
./pre_img\170010116046\1700101160465.png
./pre_img\170010116046\17001011604650.png 346 1025 2623 3941
./pre_img\170010116046\17001011604651.png 303 1030 2561 3981
./pre_img\170010116046\17001011604652.png 368 1110 2518 3909
./pre_img\170010116046\17001011604653.png 411 1159 2539 3851
./pre_img\170010116046\1700101160466.png 860 908 1585 1777
./pre_img\170010116046\1700101160467.png
./pre_img\170010116046\1700101160468.png 1024 609 1822 1586
./pre_img\170010116046\1700101160469.png 1021 854 1092 944
./pre_img\170010116050\501.png 927 687 1613 1339
./pre_img\170010116050\502.png
./pre_img\170010116050\503.png
./pre_img\170010116050\504.png 876 745 1689 1640
./pre_img\170010116050\505.png 2892 712 2932 754
./pre_img\170010116050\506.png 2851 770 2895 826
./pre_img\170010116050\507.png
./pre_img\170010116050\508.png 641 733 1407 1436
./pre_img\170010116050\509.png 1047 694 1698 1436
./pre_img\170010116050\IMG-20180531-WA0008.png 1155 840 1464 1218
./pre_img\170010116050\IMG-20181018-WA0071.png 552 97 832 447
./pre_img\170010116050\IMG-20190318-WA0008.png 18 230 298 576
./pre_img\170010116050\IMG20190221183214.png 403 1133 2637 3979
./pre_img\170010116050\IMG20190221183215.png 379 1119 2635 3964
./pre_img\170010116050\IMG20190221183215_1.png 379 1114 2642 3962
./pre_img\170010116050\IMG20190221183215_2.png 391 1131 2601 3944
./pre_img\170010116050\IMG20190221183215_3.png 382 1130 2594 3946
./pre_img\170010116050\IMG20190221183215_4.png 405 1172 2589 3949
./pre_img\170010116050\IMG20190221183215_5.png 425 1153 2616 3931
./pre_img\170010116050\IMG20190221183215_6.png 459 1072 2663 3884
./pre_img\170010116050\IMG20190221183215_7.png 499 1069 2710 3872
./pre_img\170010116050\IMG20190221183215_8.png 412 1042 2630 3845
./pre_img\170010116050\IMG20190221183216.png 478 1067 2634 3831
./pre_img\170010116050\IMG20190221183216_1.png 459 1069 2627 3854
./pre_img\170010116050\IMG20190221183216_2.png 422 1042 2626 3846
./pre_img\170010116050\IMG20190221183216_3.png 396 1024 2625 3860
./pre_img\170010116050\IMG20190221183216_4.png 395 1025 2633 3871
./pre_img\170010116050\IMG20190221183216_5.png 408 1037 2633 3874
./pre_img\170010116050\IMG20190221183216_6.png 379 1012 2641 3875
./pre_img\170010116050\IMG20190221183217.png 402 1018 2662 3878
./pre_img\170010116050\IMG20190221183218.png 384 1003 2691 3875
./pre_img\170010116050\IMG20190221183218_1.png 405 1031 2707 3881
./pre_img\170010116050\IMG_20180826_102123.png 625 1194 1890 2396
./pre_img\170010116050\IMG_20180826_102133.png 561 985 1443 1904
./pre_img\170010116050\IMG_20180826_102142.png
./pre_img\170010116050\IMG_20180904_163039.png 2355 509 3203 1592
./pre_img\170010116050\IMG_20180908_164956.png
./pre_img\170010116050\IMG_20180921_201828_065.png 986 543 1652 1416
./pre_img\170010116050\IMG_20180929_130859.png 2869 502 3491 1297
./pre_img\170010116050\IMG_20180929_131425.png 2373 402 2986 1165
./pre_img\170010116050\IMG_20180930_201631_932.png 1943 390 2532 1136
./pre_img\170010116050\IMG_20181009_213822_177.png 1883 489 2511 1294
./pre_img\170010116050\IMG_20181011_161644.png
./pre_img\170010116050\IMG_20181011_161645.png
./pre_img\170010116050\IMG_20181025_135034_665.png 850 970 1801 2116
./pre_img\170010116050\IMG_20181108_173650.png
./pre_img\170010116050\IMG_20181108_173653.png 2137 1854 2303 2077
./pre_img\170010116050\IMG_20181213_220758.png 1125 1036 1651 1533
./pre_img\170010116050\IMG_20181221_183106.png 630 1595 659 1630
./pre_img\170010116050\IMG_20190105_223258.png 852 584 1394 1266
./pre_img\170010116050\IMG_20190105_223301.png
./pre_img\170010116050\IMG_20190106_133619.png
./pre_img\170010116050\IMG_20190106_193010.png
./pre_img\170010116050\IMG_20190106_201659.png
./pre_img\170010116050\IMG_20190107_182233.png
./pre_img\170010116050\IMG_20190107_182247.png 1757 502 2338 1205
./pre_img\170010116050\IMG_20190114_072843.png
./pre_img\170010116050\IMG_20190114_073131.png 1717 691 2361 1408
./pre_img\170010116050\IMG_20190114_073139.png 1335 725 1969 1424
./pre_img\170010116050\IMG_20190114_115525.png
./pre_img\170010116050\IMG_20190114_124401.png 865 967 1322 1527
./pre_img\170010116050\IMG_20190114_124407.png 2328 1503 2359 1542
./pre_img\170010116050\IMG_20190115_125918.png 3496 2309 3551 2392
./pre_img\170010116050\IMG_20190115_130342.png 1281 1251 1303 1282
./pre_img\170010116050\IMG_20190115_130437.png
./pre_img\170010116050\IMG_20190115_130453.png
./pre_img\170010116050\IMG_20190225_214503_994.png 301 209 675 662
./pre_img\170010116050\IMG_20190303_235525_473.png 572 1439 801 1718
./pre_img\170010116050\photo.png 42 38 95 106
./pre_img\170010116050\PhotoEditor_20190225_213946120.png 627 768 1185 1461
./pre_img\170010116050\PhotoEditor_20190303_112902218.png 572 1439 801 1718
./pre_img\170010116050\Screenshot_20181118-235527.png 375 412 591 671
./pre_img\170010116051\5110.png 1051 429 1855 1278
./pre_img\170010116051\5111.png 763 525 1554 1296
./pre_img\170010116051\5112.png 885 620 1594 1375
./pre_img\170010116051\5113.png 1447 1060 1722 1452
./pre_img\170010116051\5114.png 1830 1109 2136 1509
./pre_img\170010116051\5115.png 1275 693 1561 1033
./pre_img\170010116051\5116.png 969 600 1688 1427
./pre_img\170010116051\5117.png 1133 599 1873 1340
./pre_img\170010116051\5118.png 1180 592 1949 1379
./pre_img\170010116051\5119.png 675 592 1432 1402
./pre_img\170010116051\5120.png 791 528 1532 1270
./pre_img\170010116051\IMG20190221183145.png 302 866 2760 3794
./pre_img\170010116051\IMG20190221183145_1.png 306 935 2629 3780
./pre_img\170010116051\IMG20190221183146.png 203 902 2664 3788
./pre_img\170010116051\IMG20190221183146_1.png 297 979 2569 3721
./pre_img\170010116051\IMG20190221183146_2.png 230 896 2652 3741
./pre_img\170010116051\IMG20190221183146_3.png 221 895 2647 3743
./pre_img\170010116051\IMG20190221183146_4.png 186 872 2660 3776
./pre_img\170010116051\IMG20190221183146_5.png 249 812 2704 3737
./pre_img\170010116051\IMG20190221183146_6.png 315 844 2712 3720
./pre_img\170010116051\IMG20190221183147.png 255 822 2704 3757
./pre_img\170010116051\IMG20190221183147_1.png 249 808 2705 3733
./pre_img\170010116051\IMG20190221183147_10.png 270 949 2658 3769
./pre_img\170010116051\IMG20190221183147_2.png 283 764 2586 3643
./pre_img\170010116051\IMG20190221183147_3.png 291 757 2579 3636
./pre_img\170010116051\IMG20190221183147_4.png 240 782 2562 3693
./pre_img\170010116051\IMG20190221183147_5.png 298 836 2720 3748
./pre_img\170010116051\IMG20190221183147_6.png 310 829 2736 3765
./pre_img\170010116051\IMG20190221183147_7.png 288 864 2708 3777
./pre_img\170010116051\IMG20190221183147_8.png 285 862 2712 3790
./pre_img\170010116051\IMG20190221183147_9.png 336 966 2650 3755
./pre_img\170010116059\1700101160591.png 1083 1371 1420 1869
./pre_img\170010116059\17001011605910.png 1092 662 1472 1179
./pre_img\170010116059\17001011605911.png 1153 761 1504 1246
./pre_img\170010116059\17001011605912.png 1731 2460 1760 2501
./pre_img\170010116059\17001011605913.png 1749 2195 1899 2364
./pre_img\170010116059\17001011605914.png 1797 1810 1887 1943
./pre_img\170010116059\17001011605915.png 2527 1898 2549 1926
./pre_img\170010116059\17001011605916.png 2503 2796 2536 2843
./pre_img\170010116059\17001011605917.png 126 52 490 576
./pre_img\170010116059\17001011605918.png 363 185 707 676
./pre_img\170010116059\17001011605919.png 323 354 412 477
./pre_img\170010116059\1700101160592.png 1213 202 2510 2041
./pre_img\170010116059\17001011605920.png 482 299 597 471
./pre_img\170010116059\17001011605921.png 519 82 611 215
./pre_img\170010116059\17001011605922.png 408 143 488 275
./pre_img\170010116059\17001011605923.png 237 159 450 452
./pre_img\170010116059\17001011605924.png 265 217 538 575
./pre_img\170010116059\17001011605925.png 292 549 311 575
./pre_img\170010116059\17001011605926.png 577 316 634 397
./pre_img\170010116059\17001011605927.png 599 367 650 439
./pre_img\170010116059\17001011605928.png 377 117 426 181
./pre_img\170010116059\17001011605929.png 323 145 374 210
./pre_img\170010116059\1700101160593.png 2308 839 2641 1275
./pre_img\170010116059\17001011605930.png 545 524 596 590
./pre_img\170010116059\17001011605931.png 251 239 305 320
./pre_img\170010116059\17001011605932.png
./pre_img\170010116059\17001011605933.png 592 94 721 257
./pre_img\170010116059\17001011605934.png 413 81 525 252
./pre_img\170010116059\17001011605935.png 406 213 905 795
./pre_img\170010116059\17001011605936.png 479 178 962 871
./pre_img\170010116059\17001011605937.png 495 199 997 903
./pre_img\170010116059\17001011605938.png 709 676 1220 1444
./pre_img\170010116059\17001011605939.png
./pre_img\170010116059\1700101160594.png 1718 963 2112 1511
./pre_img\170010116059\17001011605940.png 604 188 1130 921
./pre_img\170010116059\17001011605941.png 467 143 1029 893
./pre_img\170010116059\17001011605942.png 504 271 974 865
./pre_img\170010116059\17001011605943.png 312 21 709 552
./pre_img\170010116059\17001011605944.png 441 258 978 939
./pre_img\170010116059\17001011605945.png 793 1964 818 1997
./pre_img\170010116059\17001011605946.png 261 433 756 1071
./pre_img\170010116059\17001011605947.png 530 201 1008 846
./pre_img\170010116059\17001011605948.png 1646 300 1672 330
./pre_img\170010116059\1700101160595.png 1456 419 1803 874
./pre_img\170010116059\1700101160596.png 2346 1298 2608 1635
./pre_img\170010116059\1700101160597.png 2028 2072 2088 2156
./pre_img\170010116059\1700101160598.png 1656 1302 1744 1414
./pre_img\170010116059\1700101160599.png
